valid_count: 2332
total_count: 2332
mean_u: -0.0831679254770279
mean_v: -0.44655951857566833
mean_speed: 1.0631855726242065
max_speed: 7.415505409240723
mean_snr: 1.5088789463043213
