valid_count: 2332
total_count: 2332
mean_u: -0.05366517975926399
mean_v: -0.7166573405265808
mean_speed: 1.1959190368652344
max_speed: 5.321445465087891
mean_snr: 1.5110982656478882
