valid_count: 2332
total_count: 2332
mean_u: -0.08665865659713745
mean_v: -0.6005733609199524
mean_speed: 1.230604648590088
max_speed: 7.646856784820557
mean_snr: 1.476961612701416
