valid_count: 2332
total_count: 2332
mean_u: -0.14194636046886444
mean_v: -0.5577007532119751
mean_speed: 1.0944796800613403
max_speed: 8.445921897888184
mean_snr: 1.4783613681793213
