valid_count: 2332
total_count: 2332
mean_u: -0.0853276476264
mean_v: -0.6550437211990356
mean_speed: 1.35334312915802
max_speed: 11.045769691467285
mean_snr: 1.5175224542617798
